Q matrix
From State 0:  -1.0 66.33900000000023 -1.0 66.33900000000023 -1.0 -1.0 -1.0 -1.0 -1.0
From State 1:  59.70510000000024 -1.0 63.710000000000136 -1.0 73.71000000000018 -1.0 -1.0 -1.0 -1.0
From State 2:  -1.0 66.33900000000023 -1.0 -1.0 -1.0 81.90000000000012 -1.0 -1.0 -1.0
From State 3:  59.70510000000024 -1.0 -1.0 -1.0 73.71000000000018 -1.0 73.71000000000018 -1.0 -1.0
From State 4:  -1.0 66.33900000000023 -1.0 66.33900000000023 -1.0 81.90000000000012 -1.0 81.90000000000012 -1.0
From State 5:  -1.0 -1.0 63.710000000000136 -1.0 73.71000000000018 -1.0 -1.0 -1.0 91.00000000000006
From State 6:  -1.0 -1.0 -1.0 66.33900000000023 -1.0 -1.0 -1.0 81.90000000000012 -1.0
From State 7:  -1.0 -1.0 -1.0 -1.0 73.71000000000018 -1.0 73.71000000000018 -1.0 91.00000000000006
From State 8:  -1.0 -1.0 -1.0 -1.0 -1.0 -1.0 -1.0 -1.0 -1.0
